1 0.674727 0.707011 0.013145 0.020723
1 0.711806 0.731041 0.016369 0.022046
1 0.754960 0.755071 0.020337 0.030423
1 0.734251 0.782407 0.021081 0.028660
1 0.602307 0.619048 0.015625 0.023810
1 0.660342 0.035935 0.010665 0.021605
1 0.374380 0.960317 0.015625 0.033510
1 0.415427 0.534392 0.013889 0.024691
1 0.360243 0.425705 0.010169 0.018078
1 0.647817 0.532628 0.012401 0.021164
0 0.492063 0.550044 0.010417 0.016314
0 0.492312 0.569444 0.008433 0.017196
0 0.498760 0.578263 0.007937 0.021605
0 0.510293 0.580247 0.009673 0.022046
0 0.498016 0.559303 0.010913 0.018959
0 0.276290 0.333333 0.007937 0.014109
0 0.284102 0.330247 0.007192 0.014991
0 0.037946 0.060626 0.009921 0.012787
0 0.029762 0.066358 0.006944 0.010141
0 0.030382 0.050044 0.008681 0.013668
0 0.615823 0.348545 0.009921 0.018078
0 0.619792 0.364638 0.010417 0.018519
0 0.629340 0.361772 0.010665 0.017196
0 0.635789 0.347222 0.011657 0.021605
0 0.424231 0.238757 0.009673 0.018078
0 0.296751 0.048060 0.011657 0.019400
0 0.306796 0.037919 0.011409 0.023810
0 0.241071 0.087522 0.013889 0.019841
0 0.535218 0.219577 0.008929 0.008818
0 0.541419 0.208774 0.008929 0.014550
0 0.531002 0.207231 0.005456 0.014109
0 0.512649 0.161376 0.007440 0.013228
0 0.503348 0.151675 0.008185 0.016755
0 0.508309 0.141975 0.010665 0.014991
0 0.522941 0.162037 0.009673 0.012787
0 0.687252 0.120811 0.011409 0.017637
0 0.678323 0.108686 0.009425 0.019841
0 0.691096 0.106041 0.011657 0.018959
0 0.684152 0.429233 0.009177 0.018078
0 0.692460 0.435626 0.011905 0.015873
0 0.702009 0.436508 0.010665 0.019400
0 0.717386 0.348765 0.007688 0.016755
0 0.703869 0.337963 0.009425 0.012787
0 0.707713 0.348104 0.009673 0.015432
