0 0.657862 0.839065 0.011657 0.019400
0 0.648810 0.841490 0.012401 0.018959
0 0.644097 0.827381 0.010913 0.018959
0 0.644717 0.821649 0.011161 0.014550
0 0.661086 0.822531 0.012649 0.018959
0 0.744172 0.816138 0.009177 0.017637
0 0.735119 0.814594 0.008929 0.014550
0 0.736235 0.801367 0.008185 0.013668
0 0.729663 0.804012 0.010417 0.013668
0 0.781498 0.790123 0.011409 0.011464
0 0.798859 0.791446 0.009921 0.015873
0 0.700521 0.602072 0.011657 0.013668
0 0.703745 0.589947 0.009177 0.014991
0 0.691964 0.590829 0.008433 0.014991
0 0.538690 0.616182 0.007937 0.011023
0 0.530134 0.621693 0.010169 0.011464
0 0.526910 0.630732 0.008681 0.015432
0 0.534226 0.639771 0.008433 0.014109
0 0.543899 0.640873 0.007937 0.015432
0 0.553075 0.674824 0.005456 0.009259
0 0.556672 0.685185 0.007192 0.011464
0 0.563740 0.675705 0.009425 0.015432
0 0.545139 0.346120 0.007440 0.012346
0 0.542039 0.294092 0.005704 0.009700
0 0.548363 0.302910 0.008433 0.010582
0 0.551711 0.292989 0.008681 0.012787
0 0.584821 0.299824 0.005952 0.013228
0 0.591642 0.303792 0.005704 0.012346
0 0.579985 0.259039 0.007688 0.011905
0 0.279638 0.301587 0.009673 0.015873
0 0.289931 0.308862 0.008929 0.017196
0 0.039931 0.285714 0.007937 0.013228
0 0.044643 0.297619 0.008433 0.010582
0 0.048983 0.291887 0.008681 0.014109
0 0.048983 0.281526 0.009673 0.010141
0 0.083209 0.545855 0.008185 0.012346
0 0.089038 0.554674 0.007440 0.014991
0 0.081473 0.561949 0.009177 0.011023
0 0.190848 0.193342 0.007192 0.010141
0 0.186880 0.197310 0.006696 0.010141
0 0.193824 0.203263 0.006200 0.010582
0 0.451513 0.715829 0.009177 0.018078
0 0.279514 0.578924 0.009425 0.021164
0 0.342758 0.524691 0.009921 0.015873
0 0.333705 0.535053 0.008681 0.016314
