1 0.748884 0.748236 0.023065 0.043210
1 0.757316 0.714286 0.028522 0.050265
1 0.811756 0.747354 0.021825 0.046737
1 0.701389 0.382496 0.019841 0.041005
1 0.737847 0.520062 0.025298 0.040123
1 0.818328 0.457011 0.028026 0.036596
1 0.455357 0.675705 0.022321 0.035714
1 0.490575 0.336420 0.022817 0.042328
1 0.155878 0.103175 0.018601 0.029982
1 0.522445 0.563051 0.018105 0.042328
0 0.451513 0.138889 0.016617 0.028219
0 0.453125 0.173280 0.014385 0.030864
0 0.474826 0.177028 0.016617 0.026014
0 0.747272 0.314815 0.017361 0.023810
