0 0.514771 0.453125 0.031305 0.017361
0 0.468254 0.781250 0.035273 0.018849
0 0.490079 0.771205 0.026014 0.020089
0 0.521384 0.774306 0.028660 0.015873
0 0.522046 0.793155 0.025573 0.016369
0 0.486993 0.791667 0.026014 0.016865
0 0.458113 0.822049 0.031746 0.017609
0 0.480820 0.821057 0.024250 0.020089
0 0.176587 0.759301 0.035714 0.018601
0 0.486772 0.140749 0.015873 0.009177
0 0.491623 0.131572 0.016755 0.009673
0 0.468034 0.131076 0.014550 0.012153
0 0.755071 0.124628 0.016314 0.010665
0 0.774912 0.124628 0.021605 0.014137
0 0.876323 0.787822 0.033951 0.020585
0 0.881614 0.805928 0.031305 0.017113
0 0.821649 0.799479 0.033069 0.017609
0 0.852072 0.805804 0.029541 0.015873
0 0.248677 0.762277 0.022046 0.015625
0 0.157407 0.772817 0.026455 0.012897
