1 0.562169 0.790923 0.025573 0.018849
1 0.395944 0.582713 0.037919 0.019593
1 0.321429 0.584573 0.034392 0.015377
1 0.341711 0.569072 0.026455 0.019593
1 0.356481 0.520957 0.050705 0.029514
1 0.502646 0.452381 0.056437 0.032242
1 0.536817 0.384549 0.041005 0.032490
1 0.506614 0.338666 0.040564 0.026042
1 0.496032 0.356647 0.047619 0.021825
1 0.781526 0.467882 0.037478 0.018601
1 0.699735 0.592262 0.040564 0.022817
1 0.617725 0.607391 0.047619 0.018849
1 0.852293 0.866071 0.050265 0.024306
1 0.983907 0.954489 0.031305 0.018601
0 0.391534 0.244792 0.037919 0.025794
